10119203
10383335
1048251
10526562
10584546
11086515
11106504
1120106
11209184
1153269
11692426
11719158
11720567
11770362
11798773
12044833
12086690
12346066
12397296
12421977
12491650
1266139
13283496
13343399
13466251
13758652
139764
14025659
14300718
14512855
14747175
14823081
15068318
15171377
15493606
15549170
15555864
15952610
16227620
16386966
16861432
16862086
16930314
17086060
1741230
17428587
17860268
18341154
18358153
18463235
18506159
18530600
19121466
19212896
19461117
19760978
19846385
20006359
20075996
20100296
20214475
20262953
20459167
20824937
2132753
2168382
21794245
220096
2310482
2317899
2320622
24786312
25048304
2544829
2563028
27086379
2759799
28039553
28241045
284951
28761314
28896831
28942619
29375709
29396472
29707939
30141711
30150825
30219927
30392962
30413650
30470656
30504807
3058762
30694312
31108476
31182410
31219146
31283401
31639676
31772339
31989061
31990517
32004906
3232538
32480442
32486966
32606808
32754244
32961389
33002031
33239667
33360580
33855096
33999099
34193272
34412340
34443046
34474143
34526414
3457273
34582970
34990973
35038978
35177420
35414825
35430939
35521703
35525951
35745144
35970041
35992998
36041981
36081044
36159720
36346265
36363110
36550591
36639191
36661189
36738046
3675622
37111200
37167865
37187501
37197428
37239030
37297890
37447584
37451367
37457088
37580640
37707801
37771422
37812747
37812837
37826252
37851704
3785725
37891869
38188604
3826685
38321413
38335455
38351370
3838324
38624446
3873200
38788452
38895950
38923916
39016366
3903586
39483192
39639904
39696959
39829574
4083277
4142267
4142511
4145365
4172977
4173248
4365565
4575359
4581255
4610204
4839182
4867978
4871811
4887256
4894630
4920539
4964356
5063069
5202948
5212342
5234357
5303541
5358793
5368943
5430500
5531177
5533896
5543899
5582757
5585242
5591788
5652188
5788310
5801564
5808015
586087
5893075
5896791
5905434
5905443
5905476
5910384
5957595
5960680
5982949
6021111
6034381
6052793
6162307
6209919
625219
6255937
6261755
6287260
6297626
6317981
6328859
6344226
6372911
6437813
6461146
6508357
6555379
6590931
6651966
6667086
6667330
6680787
668355
6695116
6699980
6830868
6869484
6952441
6985726
6991500
6994168
6995148
7045717
7078729
7156144
7345463
7363694
7402619
7450361
7491730
7494552
7600425
7658788
7669111
7929352
7929443
796206
7983206
8034586
8087931
8092345
8177925
8188741
8250892
8294792
8325948
8342284
8363162
8363785
8423008
8423074
8500300
8500353
8542504
8580767
8617627
8617773
8617906
8730053
8954779
8968338
9035240
9197364
9429300
9489944
9582978
963628
9646426
9714143
9741542
97430345240510
